1 2011/1/1 6 331 654
2 2011/1/2 0 131 670
3 2011/1/3 1 120 1229
4 2011/1/4 2 108 1454
5 2011/1/5 3 82 1518
6 2011/1/6 4 88 1518
7 2011/1/7 5 148 1362
8 2011/1/8 6 68 891
9 2011/1/9 0 54 768
10 2011/1/10 1 41 1280
11 2011/1/11 2 43 1220
12 2011/1/12 3 25 1137
13 2011/1/13 4 38 1368
14 2011/1/14 5 54 1367
15 2011/1/15 6 222 1026
16 2011/1/16 0 251 953
17 2011/1/17 1 117 883
18 2011/1/18 2 9 674
19 2011/1/19 3 78 1572
20 2011/1/20 4 83 1844
21 2011/1/21 5 75 1468
22 2011/1/22 6 93 888
23 2011/1/23 0 150 836
24 2011/1/24 1 86 1330
25 2011/1/25 2 186 1799
26 2011/1/26 3 34 472
27 2011/1/27 4 15 416
28 2011/1/28 5 38 1129
29 2011/1/29 6 123 975
30 2011/1/30 0 140 956
31 2011/1/31 1 42 1459
32 2011/2/1 2 47 1313
33 2011/2/2 3 72 1454
34 2011/2/3 4 61 1489
35 2011/2/4 5 88 1620
36 2011/2/5 6 100 905
37 2011/2/6 0 354 1269
38 2011/2/7 1 120 1592
39 2011/2/8 2 64 1466
40 2011/2/9 3 53 1552
41 2011/2/10 4 47 1491
42 2011/2/11 5 149 1597
43 2011/2/12 6 288 1184
44 2011/2/13 0 397 1192
45 2011/2/14 1 208 1705
46 2011/2/15 2 140 1675
47 2011/2/16 3 218 1897
48 2011/2/17 4 259 2216
49 2011/2/18 5 579 2348
50 2011/2/19 6 532 1103
51 2011/2/20 0 639 1173
52 2011/2/21 1 195 912
53 2011/2/22 2 74 1376
54 2011/2/23 3 139 1778
55 2011/2/24 4 100 1707
56 2011/2/25 5 120 1341
57 2011/2/26 6 424 1545
58 2011/2/27 0 694 1708
59 2011/2/28 1 81 1365
60 2011/3/1 2 137 1714
61 2011/3/2 3 231 1903
62 2011/3/3 4 123 1562
63 2011/3/4 5 214 1730
64 2011/3/5 6 640 1437
65 2011/3/6 0 114 491
66 2011/3/7 1 244 1628
67 2011/3/8 2 316 1817
68 2011/3/9 3 191 1700
69 2011/3/10 4 46 577
70 2011/3/11 5 247 1730
71 2011/3/12 6 724 1408
72 2011/3/13 0 982 1435
73 2011/3/14 1 359 1687
74 2011/3/15 2 289 1767
75 2011/3/16 3 321 1871
76 2011/3/17 4 424 2320
77 2011/3/18 5 884 2355
78 2011/3/19 6 1424 1693
79 2011/3/20 0 1047 1424
80 2011/3/21 1 401 1676
81 2011/3/22 2 460 2243
82 2011/3/23 3 203 1918
83 2011/3/24 4 166 1699
84 2011/3/25 5 300 1910
85 2011/3/26 6 981 1515
86 2011/3/27 0 472 1221
87 2011/3/28 1 222 1806
88 2011/3/29 2 317 2108
89 2011/3/30 3 168 1368
90 2011/3/31 4 179 1506
91 2011/4/1 5 307 1920
92 2011/4/2 6 898 1354
93 2011/4/3 0 1651 1598
94 2011/4/4 1 734 2381
95 2011/4/5 2 167 1628
96 2011/4/6 3 413 2395
97 2011/4/7 4 571 2570
98 2011/4/8 5 172 1299
99 2011/4/9 6 879 1576
100 2011/4/10 0 1188 1707
101 2011/4/11 1 855 2493
102 2011/4/12 2 257 1777
103 2011/4/13 3 209 1953
104 2011/4/14 4 529 2738
105 2011/4/15 5 642 2484
106 2011/4/16 6 121 674
107 2011/4/17 0 1558 2186
108 2011/4/18 1 669 2760
109 2011/4/19 2 409 2795
110 2011/4/20 3 613 3331
111 2011/4/21 4 745 3444
112 2011/4/22 5 177 1506
113 2011/4/23 6 1462 2574
114 2011/4/24 0 1710 2481
115 2011/4/25 1 773 3300
116 2011/4/26 2 678 3722
117 2011/4/27 3 547 3325
118 2011/4/28 4 569 3489
119 2011/4/29 5 878 3717
120 2011/4/30 6 1965 3347
121 2011/5/1 0 1138 2213
122 2011/5/2 1 847 3554
123 2011/5/3 2 603 3848
124 2011/5/4 3 255 2378
125 2011/5/5 4 614 3819
126 2011/5/6 5 894 3714
127 2011/5/7 6 1612 3102
128 2011/5/8 0 1401 2932
129 2011/5/9 1 664 3698
130 2011/5/10 2 694 4109
131 2011/5/11 3 550 3632
132 2011/5/12 4 695 4169
133 2011/5/13 5 692 3413
134 2011/5/14 6 902 2507
135 2011/5/15 0 1582 2971
136 2011/5/16 1 773 3185
137 2011/5/17 2 678 3445
138 2011/5/18 3 536 3319
139 2011/5/19 4 735 3840
140 2011/5/20 5 909 4008
141 2011/5/21 6 2258 3547
142 2011/5/22 0 1576 3084
143 2011/5/23 1 836 3438
144 2011/5/24 2 659 3833
145 2011/5/25 3 740 4238
146 2011/5/26 4 758 3919
147 2011/5/27 5 871 3808
148 2011/5/28 6 2001 2757
149 2011/5/29 0 2355 2433
150 2011/5/30 1 1549 2549
151 2011/5/31 2 673 3309
152 2011/6/1 3 513 3461
153 2011/6/2 4 736 4232
154 2011/6/3 5 898 4414
155 2011/6/4 6 1869 3473
156 2011/6/5 0 1685 3221
157 2011/6/6 1 673 3875
158 2011/6/7 2 763 4070
159 2011/6/8 3 676 3725
160 2011/6/9 4 563 3352
161 2011/6/10 5 815 3771
162 2011/6/11 6 1729 3237
163 2011/6/12 0 1467 2993
164 2011/6/13 1 863 4157
165 2011/6/14 2 727 4164
166 2011/6/15 3 769 4411
167 2011/6/16 4 545 3222
168 2011/6/17 5 863 3981
169 2011/6/18 6 1807 3312
170 2011/6/19 0 1639 3105
171 2011/6/20 1 699 3311
172 2011/6/21 2 774 4061
173 2011/6/22 3 661 3846
174 2011/6/23 4 746 4044
175 2011/6/24 5 969 4022
176 2011/6/25 6 1782 3420
177 2011/6/26 0 1920 3385
178 2011/6/27 1 854 3854
179 2011/6/28 2 732 3916
180 2011/6/29 3 848 4377
181 2011/6/30 4 1027 4488
182 2011/7/1 5 1246 4116
183 2011/7/2 6 2204 2915
184 2011/7/3 0 2282 2367
185 2011/7/4 1 3065 2978
186 2011/7/5 2 1031 3634
187 2011/7/6 3 784 3845
188 2011/7/7 4 754 3838
189 2011/7/8 5 692 3348
190 2011/7/9 6 1988 3348
191 2011/7/10 0 1743 3138
192 2011/7/11 1 723 3363
193 2011/7/12 2 662 3596
194 2011/7/13 3 748 3594
195 2011/7/14 4 888 4196
196 2011/7/15 5 1318 4220
197 2011/7/16 6 2418 3505
198 2011/7/17 0 2006 3296
199 2011/7/18 1 841 3617
200 2011/7/19 2 752 3789
201 2011/7/20 3 644 3688
202 2011/7/21 4 632 3152
203 2011/7/22 5 562 2825
204 2011/7/23 6 987 2298
205 2011/7/24 0 1050 2556
206 2011/7/25 1 568 3272
207 2011/7/26 2 750 3840
208 2011/7/27 3 755 3901
209 2011/7/28 4 606 3784
210 2011/7/29 5 670 3176
211 2011/7/30 6 1559 2916
212 2011/7/31 0 1524 2778
213 2011/8/1 1 729 3537
214 2011/8/2 2 801 4044
215 2011/8/3 3 467 3107
216 2011/8/4 4 799 3777
217 2011/8/5 5 1023 3843
218 2011/8/6 6 1521 2773
219 2011/8/7 0 1298 2487
220 2011/8/8 1 846 3480
221 2011/8/9 2 907 3695
222 2011/8/10 3 884 3896
223 2011/8/11 4 812 3980
224 2011/8/12 5 1051 3854
225 2011/8/13 6 1504 2646
226 2011/8/14 0 1338 2482
227 2011/8/15 1 775 3563
228 2011/8/16 2 721 4004
229 2011/8/17 3 668 4026
230 2011/8/18 4 639 3166
231 2011/8/19 5 797 3356
232 2011/8/20 6 1914 3277
233 2011/8/21 0 1249 2624
234 2011/8/22 1 833 3925
235 2011/8/23 2 1281 4614
236 2011/8/24 3 949 4181
237 2011/8/25 4 435 3107
238 2011/8/26 5 768 3893
239 2011/8/27 6 226 889
240 2011/8/28 0 1415 2919
241 2011/8/29 1 729 3905
242 2011/8/30 2 775 4429
243 2011/8/31 3 688 4370
244 2011/9/1 4 783 4332
245 2011/9/2 5 875 3852
246 2011/9/3 6 1935 2549
247 2011/9/4 0 2521 2419
248 2011/9/5 1 1236 2115
249 2011/9/6 2 204 2506
250 2011/9/7 3 118 1878
251 2011/9/8 4 153 1689
252 2011/9/9 5 417 3127
253 2011/9/10 6 1750 3595
254 2011/9/11 0 1633 3413
255 2011/9/12 1 690 4023
256 2011/9/13 2 701 4062
257 2011/9/14 3 647 4138
258 2011/9/15 4 428 3231
259 2011/9/16 5 742 4018
260 2011/9/17 6 1434 3077
261 2011/9/18 0 1353 2921
262 2011/9/19 1 691 3848
263 2011/9/20 2 438 3203
264 2011/9/21 3 539 3813
265 2011/9/22 4 555 4240
266 2011/9/23 5 258 2137
267 2011/9/24 6 1776 3647
268 2011/9/25 0 1544 3466
269 2011/9/26 1 684 3946
270 2011/9/27 2 477 3643
271 2011/9/28 3 480 3427
272 2011/9/29 4 653 4186
273 2011/9/30 5 830 4372
274 2011/10/1 6 480 1949
275 2011/10/2 0 616 2302
276 2011/10/3 1 330 3240
277 2011/10/4 2 486 3970
278 2011/10/5 3 559 4267
279 2011/10/6 4 639 4126
280 2011/10/7 5 949 4036
281 2011/10/8 6 2235 3174
282 2011/10/9 0 2397 3114
283 2011/10/10 1 1514 3603
284 2011/10/11 2 667 3896
285 2011/10/12 3 217 2199
286 2011/10/13 4 290 2623
287 2011/10/14 5 529 3115
288 2011/10/15 6 1899 3318
289 2011/10/16 0 1748 3293
290 2011/10/17 1 713 3857
291 2011/10/18 2 637 4111
292 2011/10/19 3 254 2170
293 2011/10/20 4 471 3724
294 2011/10/21 5 676 3628
295 2011/10/22 6 1499 2809
296 2011/10/23 0 1619 2762
297 2011/10/24 1 699 3488
298 2011/10/25 2 695 3992
299 2011/10/26 3 404 3490
300 2011/10/27 4 240 2419
301 2011/10/28 5 456 3291
302 2011/10/29 6 57 570
303 2011/10/30 0 885 2446
304 2011/10/31 1 362 3307
305 2011/11/1 2 410 3658
306 2011/11/2 3 370 3816
307 2011/11/3 4 318 3656
308 2011/11/4 5 470 3576
309 2011/11/5 6 1156 2770
310 2011/11/6 0 952 2697
311 2011/11/7 1 373 3662
312 2011/11/8 2 376 3829
313 2011/11/9 3 305 3804
314 2011/11/10 4 190 2743
315 2011/11/11 5 440 2928
316 2011/11/12 6 1275 2792
317 2011/11/13 0 1004 2713
318 2011/11/14 1 595 3891
319 2011/11/15 2 449 3746
320 2011/11/16 3 145 1672
321 2011/11/17 4 139 2914
322 2011/11/18 5 245 3147
323 2011/11/19 6 943 2720
324 2011/11/20 0 787 2733
325 2011/11/21 1 220 2545
326 2011/11/22 2 69 1538
327 2011/11/23 3 112 2454
328 2011/11/24 4 560 935
329 2011/11/25 5 1095 1697
330 2011/11/26 6 1249 1819
331 2011/11/27 0 810 2261
332 2011/11/28 1 253 3614
333 2011/11/29 2 96 2818
334 2011/11/30 3 188 3425
335 2011/12/1 4 182 3545
336 2011/12/2 5 268 3672
337 2011/12/3 6 706 2908
338 2011/12/4 0 634 2851
339 2011/12/5 1 233 3578
340 2011/12/6 2 126 2468
341 2011/12/7 3 50 655
342 2011/12/8 4 150 3172
343 2011/12/9 5 261 3359
344 2011/12/10 6 502 2688
345 2011/12/11 0 377 2366
346 2011/12/12 1 143 3167
347 2011/12/13 2 155 3368
348 2011/12/14 3 178 3562
349 2011/12/15 4 181 3528
350 2011/12/16 5 178 3399
351 2011/12/17 6 275 2464
352 2011/12/18 0 220 2211
353 2011/12/19 1 260 3143
354 2011/12/20 2 216 3534
355 2011/12/21 3 107 2553
356 2011/12/22 4 227 2841
357 2011/12/23 5 163 2046
358 2011/12/24 6 155 856
359 2011/12/25 0 303 451
360 2011/12/26 1 430 887
361 2011/12/27 2 103 1059
362 2011/12/28 3 255 2047
363 2011/12/29 4 254 2169
364 2011/12/30 5 491 2508
365 2011/12/31 6 665 1820
366 2012/1/1 0 686 1608
367 2012/1/2 1 244 1707
368 2012/1/3 2 89 2147
369 2012/1/4 3 95 2273
370 2012/1/5 4 140 3132
371 2012/1/6 5 307 3791
372 2012/1/7 6 1070 3451
373 2012/1/8 0 599 2826
374 2012/1/9 1 106 2270
375 2012/1/10 2 173 3425
376 2012/1/11 3 92 2085
377 2012/1/12 4 269 3828
378 2012/1/13 5 174 3040
379 2012/1/14 6 333 2160
380 2012/1/15 0 284 2027
381 2012/1/16 1 217 2081
382 2012/1/17 2 127 2808
383 2012/1/18 3 109 3267
384 2012/1/19 4 130 3162
385 2012/1/20 5 115 3048
386 2012/1/21 6 67 1234
387 2012/1/22 0 196 1781
388 2012/1/23 1 145 2287
389 2012/1/24 2 439 3900
390 2012/1/25 3 467 3803
391 2012/1/26 4 244 3831
392 2012/1/27 5 269 3187
393 2012/1/28 6 775 3248
394 2012/1/29 0 558 2685
395 2012/1/30 1 126 3498
396 2012/1/31 2 324 4185
397 2012/2/1 3 304 4275
398 2012/2/2 4 190 3571
399 2012/2/3 5 310 3841
400 2012/2/4 6 384 2448
401 2012/2/5 0 318 2629
402 2012/2/6 1 206 3578
403 2012/2/7 2 199 4176
404 2012/2/8 3 109 2693
405 2012/2/9 4 163 3667
406 2012/2/10 5 227 3604
407 2012/2/11 6 192 1977
408 2012/2/12 0 73 1456
409 2012/2/13 1 94 3328
410 2012/2/14 2 135 3787
411 2012/2/15 3 141 4028
412 2012/2/16 4 74 2931
413 2012/2/17 5 349 3805
414 2012/2/18 6 1435 2883
415 2012/2/19 0 618 2071
416 2012/2/20 1 502 2627
417 2012/2/21 2 163 3614
418 2012/2/22 3 394 4379
419 2012/2/23 4 516 4546
420 2012/2/24 5 246 3241
421 2012/2/25 6 317 2415
422 2012/2/26 0 515 2874
423 2012/2/27 1 253 4069
424 2012/2/28 2 229 4134
425 2012/2/29 3 65 1769
426 2012/3/1 4 325 4665
427 2012/3/2 5 246 2948
428 2012/3/3 6 956 3110
429 2012/3/4 0 710 2713
430 2012/3/5 1 203 3130
431 2012/3/6 2 221 3735
432 2012/3/7 3 432 4484
433 2012/3/8 4 486 4896
434 2012/3/9 5 447 4122
435 2012/3/10 6 968 3150
436 2012/3/11 0 1658 3253
437 2012/3/12 1 838 4460
438 2012/3/13 2 762 5085
439 2012/3/14 3 997 5315
440 2012/3/15 4 1005 5187
441 2012/3/16 5 548 3830
442 2012/3/17 6 3155 4681
443 2012/3/18 0 2207 3685
444 2012/3/19 1 982 5171
445 2012/3/20 2 1051 5042
446 2012/3/21 3 1122 5108
447 2012/3/22 4 1334 5537
448 2012/3/23 5 2469 5893
449 2012/3/24 6 1033 2339
450 2012/3/25 0 1532 3464
451 2012/3/26 1 795 4763
452 2012/3/27 2 531 4571
453 2012/3/28 3 674 5024
454 2012/3/29 4 834 5299
455 2012/3/30 5 796 4663
456 2012/3/31 6 2301 3934
457 2012/4/1 0 2347 3694
458 2012/4/2 1 1208 4728
459 2012/4/3 2 1348 5424
460 2012/4/4 3 1058 5378
461 2012/4/5 4 1192 5265
462 2012/4/6 5 1807 4653
463 2012/4/7 6 3252 3605
464 2012/4/8 0 2230 2939
465 2012/4/9 1 905 4680
466 2012/4/10 2 819 5099
467 2012/4/11 3 482 4380
468 2012/4/12 4 663 4746
469 2012/4/13 5 1252 5146
470 2012/4/14 6 2795 4665
471 2012/4/15 0 2846 4286
472 2012/4/16 1 1198 5172
473 2012/4/17 2 989 5702
474 2012/4/18 3 347 4020
475 2012/4/19 4 846 5719
476 2012/4/20 5 1340 5950
477 2012/4/21 6 2541 4083
478 2012/4/22 0 120 907
479 2012/4/23 1 195 3019
480 2012/4/24 2 518 5115
481 2012/4/25 3 655 5541
482 2012/4/26 4 475 4551
483 2012/4/27 5 1014 5219
484 2012/4/28 6 1120 3100
485 2012/4/29 0 2229 4075
486 2012/4/30 1 665 4907
487 2012/5/1 2 653 5087
488 2012/5/2 3 667 5502
489 2012/5/3 4 764 5657
490 2012/5/4 5 1069 5227
491 2012/5/5 6 2496 4387
492 2012/5/6 0 2135 4224
493 2012/5/7 1 1008 5265
494 2012/5/8 2 738 4990
495 2012/5/9 3 620 4097
496 2012/5/10 4 1026 5546
497 2012/5/11 5 1319 5711
498 2012/5/12 6 2622 4807
499 2012/5/13 0 2172 3946
500 2012/5/14 1 342 2501
501 2012/5/15 2 625 4490
502 2012/5/16 3 991 6433
503 2012/5/17 4 1242 6142
504 2012/5/18 5 1521 6118
505 2012/5/19 6 3410 4884
506 2012/5/20 0 2704 4425
507 2012/5/21 1 630 3729
508 2012/5/22 2 819 5254
509 2012/5/23 3 766 4494
510 2012/5/24 4 1059 5711
511 2012/5/25 5 1417 5317
512 2012/5/26 6 2855 3681
513 2012/5/27 0 3283 3308
514 2012/5/28 1 2557 3486
515 2012/5/29 2 880 4863
516 2012/5/30 3 745 6110
517 2012/5/31 4 1100 6238
518 2012/6/1 5 533 3594
519 2012/6/2 6 2795 5325
520 2012/6/3 0 2494 5147
521 2012/6/4 1 1071 5927
522 2012/6/5 2 968 6033
523 2012/6/6 3 1027 6028
524 2012/6/7 4 1038 6456
525 2012/6/8 5 1488 6248
526 2012/6/9 6 2708 4790
527 2012/6/10 0 2224 4374
528 2012/6/11 1 1017 5647
529 2012/6/12 2 477 4495
530 2012/6/13 3 1173 6248
531 2012/6/14 4 1180 6183
532 2012/6/15 5 1563 6102
533 2012/6/16 6 2963 4739
534 2012/6/17 0 2634 4344
535 2012/6/18 1 653 4446
536 2012/6/19 2 968 5857
537 2012/6/20 3 872 5339
538 2012/6/21 4 778 5127
539 2012/6/22 5 964 4859
540 2012/6/23 6 2657 4801
541 2012/6/24 0 2551 4340
542 2012/6/25 1 1139 5640
543 2012/6/26 2 1077 6365
544 2012/6/27 3 1077 6258
545 2012/6/28 4 921 5958
546 2012/6/29 5 829 4634
547 2012/6/30 6 1455 4232
548 2012/7/1 0 1421 4110
549 2012/7/2 1 904 5323
550 2012/7/3 2 1052 5608
551 2012/7/4 3 2562 4841
552 2012/7/5 4 1405 4836
553 2012/7/6 5 1366 4841
554 2012/7/7 6 1448 3392
555 2012/7/8 0 1203 3469
556 2012/7/9 1 998 5571
557 2012/7/10 2 954 5336
558 2012/7/11 3 975 6289
559 2012/7/12 4 1032 6414
560 2012/7/13 5 1511 5988
561 2012/7/14 6 2355 4614
562 2012/7/15 0 1920 4111
563 2012/7/16 1 1088 5742
564 2012/7/17 2 921 5865
565 2012/7/18 3 799 4914
566 2012/7/19 4 888 5703
567 2012/7/20 5 747 5123
568 2012/7/21 6 1264 3195
569 2012/7/22 0 2544 4866
570 2012/7/23 1 1135 5831
571 2012/7/24 2 1140 6452
572 2012/7/25 3 1383 6790
573 2012/7/26 4 1036 5825
574 2012/7/27 5 1259 5645
575 2012/7/28 6 2234 4451
576 2012/7/29 0 2153 4444
577 2012/7/30 1 1040 6065
578 2012/7/31 2 968 6248
579 2012/8/1 3 1074 6506
580 2012/8/2 4 983 6278
581 2012/8/3 5 1328 5847
582 2012/8/4 6 2345 4479
583 2012/8/5 0 1707 3757
584 2012/8/6 1 1233 5780
585 2012/8/7 2 1278 5995
586 2012/8/8 3 1263 6271
587 2012/8/9 4 1196 6090
588 2012/8/10 5 1065 4721
589 2012/8/11 6 2247 4052
590 2012/8/12 0 2182 4362
591 2012/8/13 1 1207 5676
592 2012/8/14 2 1128 5656
593 2012/8/15 3 1198 6149
594 2012/8/16 4 1338 6267
595 2012/8/17 5 1483 5665
596 2012/8/18 6 2827 5038
597 2012/8/19 0 1208 3341
598 2012/8/20 1 1026 5504
599 2012/8/21 2 1081 5925
600 2012/8/22 3 1094 6281
601 2012/8/23 4 1363 6402
602 2012/8/24 5 1325 6257
603 2012/8/25 6 1829 4224
604 2012/8/26 0 1483 3772
605 2012/8/27 1 989 5928
606 2012/8/28 2 935 6105
607 2012/8/29 3 1177 6520
608 2012/8/30 4 1172 6541
609 2012/8/31 5 1433 5917
610 2012/9/1 6 2352 3788
611 2012/9/2 0 2613 3197
612 2012/9/3 1 1965 4069
613 2012/9/4 2 867 5997
614 2012/9/5 3 832 6280
615 2012/9/6 4 611 5592
616 2012/9/7 5 1045 6459
617 2012/9/8 6 1557 4419
618 2012/9/9 0 2570 5657
619 2012/9/10 1 1118 6407
620 2012/9/11 2 1070 6697
621 2012/9/12 3 1050 6820
622 2012/9/13 4 1054 6750
623 2012/9/14 5 1379 6630
624 2012/9/15 6 3160 5554
625 2012/9/16 0 2166 5167
626 2012/9/17 1 1022 5847
627 2012/9/18 2 371 3702
628 2012/9/19 3 788 6803
629 2012/9/20 4 939 6781
630 2012/9/21 5 1250 6917
631 2012/9/22 6 2512 5883
632 2012/9/23 0 2454 5453
633 2012/9/24 1 1001 6435
634 2012/9/25 2 845 6693
635 2012/9/26 3 787 6946
636 2012/9/27 4 751 6642
637 2012/9/28 5 1045 6370
638 2012/9/29 6 2589 5966
639 2012/9/30 0 2015 4874
640 2012/10/1 1 763 6015
641 2012/10/2 2 315 4324
642 2012/10/3 3 728 6844
643 2012/10/4 4 891 6437
644 2012/10/5 5 1516 6640
645 2012/10/6 6 3031 4934
646 2012/10/7 0 781 2729
647 2012/10/8 1 874 4604
648 2012/10/9 2 601 5791
649 2012/10/10 3 780 6911
650 2012/10/11 4 834 6736
651 2012/10/12 5 1060 6222
652 2012/10/13 6 2252 4857
653 2012/10/14 0 2080 4559
654 2012/10/15 1 760 5115
655 2012/10/16 2 922 6612
656 2012/10/17 3 979 6482
657 2012/10/18 4 1008 6501
658 2012/10/19 5 753 4671
659 2012/10/20 6 2806 5284
660 2012/10/21 0 2132 4692
661 2012/10/22 1 830 6228
662 2012/10/23 2 841 6625
663 2012/10/24 3 795 6898
664 2012/10/25 4 875 6484
665 2012/10/26 5 1182 6262
666 2012/10/27 6 2643 5209
667 2012/10/28 0 998 3461
668 2012/10/29 1 2 20
669 2012/10/30 2 87 1009
670 2012/10/31 3 419 5147
671 2012/11/1 4 466 5520
672 2012/11/2 5 618 5229
673 2012/11/3 6 1029 4109
674 2012/11/4 0 1201 3906
675 2012/11/5 1 378 4881
676 2012/11/6 2 466 5220
677 2012/11/7 3 326 4709
678 2012/11/8 4 340 4975
679 2012/11/9 5 709 5283
680 2012/11/10 6 2090 4446
681 2012/11/11 0 2290 4562
682 2012/11/12 1 1097 5172
683 2012/11/13 2 327 3767
684 2012/11/14 3 373 5122
685 2012/11/15 4 320 5125
686 2012/11/16 5 484 5214
687 2012/11/17 6 1313 4316
688 2012/11/18 0 922 3747
689 2012/11/19 1 449 5050
690 2012/11/20 2 534 5100
691 2012/11/21 3 615 4531
692 2012/11/22 4 955 1470
693 2012/11/23 5 1603 2307
694 2012/11/24 6 532 1745
695 2012/11/25 0 309 2115
696 2012/11/26 1 337 4750
697 2012/11/27 2 123 3836
698 2012/11/28 3 198 5062
699 2012/11/29 4 243 5080
700 2012/11/30 5 362 5306
701 2012/12/1 6 951 4240
702 2012/12/2 0 892 3757
703 2012/12/3 1 555 5679
704 2012/12/4 2 551 6055
705 2012/12/5 3 331 5398
706 2012/12/6 4 340 5035
707 2012/12/7 5 349 4659
708 2012/12/8 6 1153 4429
709 2012/12/9 0 441 2787
710 2012/12/10 1 329 4841
711 2012/12/11 2 282 5219
712 2012/12/12 3 310 5009
713 2012/12/13 4 425 5107
714 2012/12/14 5 429 5182
715 2012/12/15 6 767 4280
716 2012/12/16 0 538 3248
717 2012/12/17 1 212 4373
718 2012/12/18 2 433 5124
719 2012/12/19 3 333 4934
720 2012/12/20 4 314 3814
721 2012/12/21 5 221 3402
722 2012/12/22 6 205 1544
723 2012/12/23 0 408 1379
724 2012/12/24 1 174 746
725 2012/12/25 2 440 573
726 2012/12/26 3 9 432
727 2012/12/27 4 247 1867
728 2012/12/28 5 644 2451
729 2012/12/29 6 159 1182
730 2012/12/30 0 364 1432
731 2012/12/31 1 439 2290
